# name: debug
# type: sparse matrix
# nnz: 2952
# rows: 72
# columns: 72

1 1 360
2 1 2.80331314e-15
3 1 -1.11022302e-16
4 1 -8.8817842e-16
5 1 2334.7222
6 1 143.714546
7 1 -17.3953018
8 1 9.84272785
9 1 -0.724005418
10 1 0
11 1 0
12 1 0
25 1 -34.7271009
26 1 -19.8416031
27 1 -0.582448607
28 1 0
29 1 0
30 1 0
31 1 -34.7271009
32 1 -19.8416031
33 1 -0.582448607
34 1 0
35 1 0
36 1 0
37 1 -34.7271009
38 1 -19.8416031
39 1 -0.582448607
40 1 0
41 1 0
42 1 0
43 1 -34.7271009
44 1 -19.8416031
45 1 -0.582448607
46 1 0
47 1 0
48 1 0
49 1 -34.7271009
50 1 -19.8416031
51 1 -0.582448607
52 1 0
53 1 0
54 1 0
55 1 -34.7271009
56 1 -19.8416031
57 1 -0.582448607
58 1 0
59 1 0
60 1 0
61 1 -34.7271009
62 1 -19.8416031
63 1 -0.582448607
64 1 0
65 1 0
66 1 0
67 1 -34.7271009
68 1 -19.8416031
69 1 -0.582448607
70 1 0
71 1 0
72 1 0
1 2 2.80331314e-15
2 2 360
3 2 -1.66533454e-16
4 2 -2334.7222
5 2 -7.21644966e-16
6 2 10276.993
7 2 -9.84133512
8 2 -17.4096497
9 2 -0.228519353
10 2 0
11 2 0
12 2 0
25 2 19.8091767
26 2 -34.7158703
27 2 1.55076432
28 2 0
29 2 0
30 2 0
31 2 19.8091767
32 2 -34.7158703
33 2 1.55076432
34 2 0
35 2 0
36 2 0
37 2 19.8091767
38 2 -34.7158703
39 2 1.55076432
40 2 0
41 2 0
42 2 0
43 2 19.8091767
44 2 -34.7158703
45 2 1.55076432
46 2 0
47 2 0
48 2 0
49 2 19.8091767
50 2 -34.7158703
51 2 1.55076432
52 2 0
53 2 0
54 2 0
55 2 19.8091767
56 2 -34.7158703
57 2 1.55076432
58 2 0
59 2 0
60 2 0
61 2 19.8091767
62 2 -34.7158703
63 2 1.55076432
64 2 0
65 2 0
66 2 0
67 2 19.8091767
68 2 -34.7158703
69 2 1.55076432
70 2 0
71 2 0
72 2 0
1 3 -1.11022302e-16
2 3 -1.66533454e-16
3 3 360
4 3 -143.714546
5 3 -10276.993
6 3 -8.8817842e-16
7 3 0.742696725
8 3 -0.157500842
9 3 -19.9855847
10 3 0
11 3 0
12 3 0
25 3 1.27474651
26 3 -1.05789304
27 3 -39.9656838
28 3 0
29 3 0
30 3 0
31 3 1.27474651
32 3 -1.05789304
33 3 -39.9656838
34 3 0
35 3 0
36 3 0
37 3 1.27474651
38 3 -1.05789304
39 3 -39.9656838
40 3 0
41 3 0
42 3 0
43 3 1.27474651
44 3 -1.05789304
45 3 -39.9656838
46 3 0
47 3 0
48 3 0
49 3 1.27474651
50 3 -1.05789304
51 3 -39.9656838
52 3 0
53 3 0
54 3 0
55 3 1.27474651
56 3 -1.05789304
57 3 -39.9656838
58 3 0
59 3 0
60 3 0
61 3 1.27474651
62 3 -1.05789304
63 3 -39.9656838
64 3 0
65 3 0
66 3 0
67 3 1.27474651
68 3 -1.05789304
69 3 -39.9656838
70 3 0
71 3 0
72 3 0
1 4 -8.8817842e-16
2 4 -2334.7222
3 4 -143.714546
4 4 58203.6126
5 4 -1033.15771
6 4 -75104.0024
7 4 0.427806245
8 4 13.1097649
9 4 167.946297
10 4 -17.3953018
11 4 9.84272785
12 4 -0.724005418
25 4 -298.863453
26 4 536.048675
27 4 -441.933845
28 4 0
29 4 0
30 4 0
31 4 -295.142391
32 4 513.889738
33 4 91.0696562
34 4 0
35 4 0
36 4 0
37 4 8.11394911
38 4 -17.5139852
39 4 112.853928
40 4 0
41 4 0
42 4 0
43 4 19.3062189
44 4 -20.5526592
45 4 -450.943313
46 4 0
47 4 0
48 4 0
49 4 -294.013969
50 4 518.464251
51 4 -132.044436
52 4 0
53 4 0
54 4 0
55 4 -307.763355
56 4 526.143382
57 4 426.133637
58 4 0
59 4 0
60 4 0
61 4 0.108201065
62 4 -12.4660103
63 4 418.213925
64 4 0
65 4 0
66 4 0
67 4 19.5088842
68 4 -30.1079719
69 4 -137.516961
70 4 0
71 4 0
72 4 0
1 5 2334.7222
2 5 -7.21644966e-16
3 5 -10276.993
4 5 -1033.15771
5 5 388809.411
6 5 98.7015318
7 5 -10.8953102
8 5 6.4770244
9 5 -24.2357031
10 5 -9.84133512
11 5 -17.4096497
12 5 -0.228519353
25 5 -584.499076
26 5 -281.800659
27 5 1157.80996
28 5 0
29 5 0
30 5 0
31 5 -538.321245
32 5 -269.346889
33 5 846.736683
34 5 0
35 5 0
36 5 0
37 5 -6.21735217
38 5 33.8622492
39 5 837.469668
40 5 0
41 5 0
42 5 0
43 5 -28.813207
44 5 35.9746442
45 5 1173.39364
46 5 0
47 5 0
48 5 0
49 5 -576.695724
50 5 -252.173402
51 5 1721.37594
52 5 0
53 5 0
54 5 0
55 5 -559.912017
56 5 -256.167453
57 5 1417.57196
58 5 0
59 5 0
60 5 0
61 5 -20.6870901
62 5 50.1194725
63 5 1386.24245
64 5 0
65 5 0
66 5 0
67 5 -28.3226985
68 5 60.5607132
69 5 1717.51902
70 5 0
71 5 0
72 5 0
1 6 143.714546
2 6 10276.993
3 6 -8.8817842e-16
4 6 -75104.0024
5 6 98.7015318
6 6 374049.189
7 6 -134.351716
8 6 103.320857
9 6 -5.80697055
10 6 0.742696725
11 6 -0.157500842
12 6 -19.9855847
25 6 941.194325
26 6 -806.423631
27 6 51.3664207
28 6 0
29 6 0
30 6 0
31 6 324.975242
32 6 -799.499148
33 6 31.5281891
34 6 0
35 6 0
36 6 0
37 6 317.658887
38 6 -782.73689
39 6 30.8511289
40 6 0
41 6 0
42 6 0
43 6 973.695486
44 6 -795.064662
45 6 52.1024062
46 6 0
47 6 0
48 6 0
49 6 952.043946
50 6 -1448.86366
51 6 68.7178903
52 6 0
53 6 0
54 6 0
55 6 316.664503
56 6 -1461.82274
57 6 48.794838
58 6 0
59 6 0
60 6 0
61 6 324.4188
62 6 -1410.91341
63 6 47.6945977
64 6 0
65 6 0
66 6 0
67 6 971.594212
68 6 -1422.66503
69 6 68.6479875
70 6 0
71 6 0
72 6 0
1 7 -17.3953018
2 7 -9.84133512
3 7 0.742696725
4 7 0.427806245
5 7 -10.8953102
6 7 -134.351716
7 7 360
8 7 -8.95117314e-16
9 7 8.32667268e-17
10 7 0
11 7 2483.67358
12 7 3044.87115
13 7 -19.5193369
14 7 4.15973647
15 7 1.30080011
16 7 0
17 7 0
18 7 0
25 7 -20.5043203
26 7 -34.3007747
27 7 1.74060523
28 7 0
29 7 0
30 7 0
31 7 -20.5043203
32 7 -34.3007747
33 7 1.74060523
34 7 0
35 7 0
36 7 0
37 7 -20.5043203
38 7 -34.3007747
39 7 1.74060523
40 7 0
41 7 0
42 7 0
43 7 -20.5043203
44 7 -34.3007747
45 7 1.74060523
46 7 0
47 7 0
48 7 0
49 7 -20.5043203
50 7 -34.3007747
51 7 1.74060523
52 7 0
53 7 0
54 7 0
55 7 -20.5043203
56 7 -34.3007747
57 7 1.74060523
58 7 0
59 7 0
60 7 0
61 7 -20.5043203
62 7 -34.3007747
63 7 1.74060523
64 7 0
65 7 0
66 7 0
67 7 -20.5043203
68 7 -34.3007747
69 7 1.74060523
70 7 0
71 7 0
72 7 0
1 8 9.84272785
2 8 -17.4096497
3 8 -0.157500842
4 8 13.1097649
5 8 6.4770244
6 8 103.320857
7 8 -8.95117314e-16
8 8 360
9 8 -6.9388939e-17
10 8 -2483.67358
11 8 0
12 8 10503.7775
13 8 -4.11994093
14 8 -19.5577982
15 8 0.720150245
16 8 0
17 8 0
18 8 0
25 8 34.3440502
26 8 -20.463113
27 8 1.32182589
28 8 0
29 8 0
30 8 0
31 8 34.3440502
32 8 -20.463113
33 8 1.32182589
34 8 0
35 8 0
36 8 0
37 8 34.3440502
38 8 -20.463113
39 8 1.32182589
40 8 0
41 8 0
42 8 0
43 8 34.3440502
44 8 -20.463113
45 8 1.32182589
46 8 0
47 8 0
48 8 0
49 8 34.3440502
50 8 -20.463113
51 8 1.32182589
52 8 0
53 8 0
54 8 0
55 8 34.3440502
56 8 -20.463113
57 8 1.32182589
58 8 0
59 8 0
60 8 0
61 8 34.3440502
62 8 -20.463113
63 8 1.32182589
64 8 0
65 8 0
66 8 0
67 8 34.3440502
68 8 -20.463113
69 8 1.32182589
70 8 0
71 8 0
72 8 0
1 9 -0.724005418
2 9 -0.228519353
3 9 -19.9855847
4 9 167.946297
5 9 -24.2357031
6 9 -5.80697055
7 9 8.32667268e-17
8 9 -6.9388939e-17
9 9 360
10 9 -3044.87115
11 9 -10503.7775
12 9 0
13 9 -1.42182106
14 9 -0.434881781
15 9 -19.944656
16 9 0
17 9 0
18 9 0
25 9 0.243036266
26 9 -2.17206436
27 9 -39.9402437
28 9 0
29 9 0
30 9 0
31 9 0.243036266
32 9 -2.17206436
33 9 -39.9402437
34 9 0
35 9 0
36 9 0
37 9 0.243036266
38 9 -2.17206436
39 9 -39.9402437
40 9 0
41 9 0
42 9 0
43 9 0.243036266
44 9 -2.17206436
45 9 -39.9402437
46 9 0
47 9 0
48 9 0
49 9 0.243036266
50 9 -2.17206436
51 9 -39.9402437
52 9 0
53 9 0
54 9 0
55 9 0.243036266
56 9 -2.17206436
57 9 -39.9402437
58 9 0
59 9 0
60 9 0
61 9 0.243036266
62 9 -2.17206436
63 9 -39.9402437
64 9 0
65 9 0
66 9 0
67 9 0.243036266
68 9 -2.17206436
69 9 -39.9402437
70 9 0
71 9 0
72 9 0
1 10 0
2 10 0
3 10 0
4 10 -17.3953018
5 10 -9.84133512
6 10 0.742696725
7 10 0
8 10 -2483.67358
9 10 -3044.87115
10 10 87222.2427
11 10 94705.2222
12 10 -83454.3902
13 10 4.09279836
14 10 -32.5595838
15 10 165.53504
16 10 -19.5193369
17 10 4.15973647
18 10 1.30080011
25 10 -562.407261
26 10 331.92402
27 10 -84.1819713
28 10 0
29 10 0
30 10 0
31 10 -513.565041
32 10 318.521897
33 10 227.073737
34 10 0
35 10 0
36 10 0
37 10 12.2990654
38 10 4.90216251
39 10 241.486089
40 10 0
41 10 0
42 10 0
43 10 -13.4467697
44 10 3.75645907
45 10 -84.3772122
46 10 0
47 10 0
48 10 0
49 10 -554.752478
50 10 355.065195
51 10 462.016755
52 10 0
53 10 0
54 10 0
55 10 -534.857798
56 10 360.260128
57 10 798.748559
58 10 0
59 10 0
60 10 0
61 10 -2.03516003
62 10 40.6195864
63 10 776.484919
64 10 0
65 10 0
66 10 0
67 10 -12.9511051
68 10 30.849406
69 10 455.361678
70 10 0
71 10 0
72 10 0
1 11 0
2 11 0
3 11 0
4 11 9.84272785
5 11 -17.4096497
6 11 -0.157500842
7 11 2483.67358
8 11 0
9 11 -10503.7775
10 11 94705.2222
11 11 407853.777
12 11 22731.2989
13 11 33.0908899
14 11 -8.59744728
15 11 -44.1777633
16 11 -4.11994093
17 11 -19.5577982
18 11 0.720150245
25 11 -344.540096
26 11 -485.748383
27 11 1432.09354
28 11 0
29 11 0
30 11 0
31 11 -311.027124
32 11 -463.947845
33 11 898.84305
34 11 0
35 11 0
36 11 0
37 11 2.85889657
38 11 61.6455136
39 11 880.050112
40 11 0
41 11 0
42 11 0
43 11 -17.1522068
44 11 64.8826767
45 11 1450.09854
46 11 0
47 11 0
48 11 0
49 11 -340.04858
50 11 -456.363682
51 11 1770.29664
52 11 0
53 11 0
54 11 0
55 11 -323.675724
56 11 -463.721667
57 11 1230.98396
58 11 0
59 11 0
60 11 0
61 11 -5.74360232
62 11 68.365933
63 11 1207.60108
64 11 0
65 11 0
66 11 0
67 11 -16.8415143
68 11 86.044557
69 11 1769.63193
70 11 0
71 11 0
72 11 0
1 12 0
2 12 0
3 12 0
4 12 -0.724005418
5 12 -0.228519353
6 12 -19.9855847
7 12 3044.87115
8 12 10503.7775
9 12 0
10 12 -83454.3902
11 12 22731.2989
12 12 415904.442
13 12 -152.073441
14 12 75.2109013
15 12 9.20112991
16 12 -1.42182106
17 12 -0.434881781
18 12 -19.944656
25 12 1239.00753
26 12 -665.416272
27 12 43.7265918
28 12 0
29 12 0
30 12 0
31 12 623.894922
32 12 -659.156643
33 12 39.6432169
34 12 0
35 12 0
36 12 0
37 12 633.641605
38 12 -658.178967
39 12 39.6493567
40 12 0
41 12 0
42 12 0
43 12 1289.35234
44 12 -670.583719
45 12 44.3139604
46 12 0
47 12 0
48 12 0
49 12 1250.11404
50 12 -1307.69129
51 12 78.7229222
52 12 0
53 12 0
54 12 0
55 12 614.886596
56 12 -1320.40868
57 12 75.5491729
58 12 0
59 12 0
60 12 0
61 12 639.941504
62 12 -1285.53423
63 12 73.8050599
64 12 0
65 12 0
66 12 0
67 12 1287.26552
68 12 -1297.79672
69 12 78.410894
70 12 0
71 12 0
72 12 0
7 13 -19.5193369
8 13 -4.11994093
9 13 -1.42182106
10 13 4.09279836
11 13 33.0908899
12 13 -152.073441
13 13 360
14 13 3.58740815e-15
15 13 9.43689571e-16
16 13 -1.77635684e-15
17 13 2413.43622
18 13 2712.9583
19 13 -19.8999528
20 13 1.84142188
21 13 -0.775271445
22 13 0
23 13 0
24 13 0
25 13 -12.9194861
26 13 -37.846174
27 13 -0.868328775
28 13 0
29 13 0
30 13 0
31 13 -12.9194861
32 13 -37.846174
33 13 -0.868328775
34 13 0
35 13 0
36 13 0
37 13 -12.9194861
38 13 -37.846174
39 13 -0.868328775
40 13 0
41 13 0
42 13 0
43 13 -12.9194861
44 13 -37.846174
45 13 -0.868328775
46 13 0
47 13 0
48 13 0
49 13 -12.9194861
50 13 -37.846174
51 13 -0.868328775
52 13 0
53 13 0
54 13 0
55 13 -12.9194861
56 13 -37.846174
57 13 -0.868328775
58 13 0
59 13 0
60 13 0
61 13 -12.9194861
62 13 -37.846174
63 13 -0.868328775
64 13 0
65 13 0
66 13 0
67 13 -12.9194861
68 13 -37.846174
69 13 -0.868328775
70 13 0
71 13 0
72 13 0
7 14 4.15973647
8 14 -19.5577982
9 14 -0.434881781
10 14 -32.5595838
11 14 -8.59744728
12 14 75.2109013
13 14 3.58740815e-15
14 14 360
15 14 0
16 14 -2413.43622
17 14 0
18 14 11000.6578
19 14 -1.86520538
20 14 -19.9037496
21 14 0.601465476
22 14 0
23 14 0
24 14 0
25 14 37.8546132
26 14 -12.9237921
27 14 0.062113031
28 14 0
29 14 0
30 14 0
31 14 37.8546132
32 14 -12.9237921
33 14 0.062113031
34 14 0
35 14 0
36 14 0
37 14 37.8546132
38 14 -12.9237921
39 14 0.062113031
40 14 0
41 14 0
42 14 0
43 14 37.8546132
44 14 -12.9237921
45 14 0.062113031
46 14 0
47 14 0
48 14 0
49 14 37.8546132
50 14 -12.9237921
51 14 0.062113031
52 14 0
53 14 0
54 14 0
55 14 37.8546132
56 14 -12.9237921
57 14 0.062113031
58 14 0
59 14 0
60 14 0
61 14 37.8546132
62 14 -12.9237921
63 14 0.062113031
64 14 0
65 14 0
66 14 0
67 14 37.8546132
68 14 -12.9237921
69 14 0.062113031
70 14 0
71 14 0
72 14 0
7 15 1.30080011
8 15 0.720150245
9 15 -19.944656
10 15 165.53504
11 15 -44.1777633
12 15 9.20112991
13 15 9.43689571e-16
14 15 0
15 15 360
16 15 -2712.9583
17 15 -11000.6578
18 15 3.55271368e-15
19 15 0.716162852
20 15 -0.670758751
21 15 -19.9759153
22 15 0
23 15 0
24 15 0
25 15 0.339321028
26 15 0.801694537
27 15 -39.9905257
28 15 0
29 15 0
30 15 0
31 15 0.339321028
32 15 0.801694537
33 15 -39.9905257
34 15 0
35 15 0
36 15 0
37 15 0.339321028
38 15 0.801694537
39 15 -39.9905257
40 15 0
41 15 0
42 15 0
43 15 0.339321028
44 15 0.801694537
45 15 -39.9905257
46 15 0
47 15 0
48 15 0
49 15 0.339321028
50 15 0.801694537
51 15 -39.9905257
52 15 0
53 15 0
54 15 0
55 15 0.339321028
56 15 0.801694537
57 15 -39.9905257
58 15 0
59 15 0
60 15 0
61 15 0.339321028
62 15 0.801694537
63 15 -39.9905257
64 15 0
65 15 0
66 15 0
67 15 0.339321028
68 15 0.801694537
69 15 -39.9905257
70 15 0
71 15 0
72 15 0
7 16 0
8 16 0
9 16 0
10 16 -19.5193369
11 16 -4.11994093
12 16 -1.42182106
13 16 -1.77635684e-15
14 16 -2413.43622
15 16 -2712.9583
16 16 79616.0124
17 16 86032.247
18 16 -82764.9923
19 16 -4.56841617
20 16 37.5568455
21 16 206.468668
22 16 -19.8999528
23 16 1.84142188
24 16 -0.775271445
25 16 -582.56252
26 16 200.939735
27 16 -90.2789359
28 16 0
29 16 0
30 16 0
31 16 -571.719563
32 16 192.795558
33 16 103.357998
34 16 0
35 16 0
36 16 0
37 16 6.85886459
38 16 -4.94672063
39 16 113.553122
40 16 0
41 16 0
42 16 0
43 16 24.2247216
44 16 -6.27991003
45 16 -86.7187503
46 16 0
47 16 0
48 16 0
49 16 -573.376892
50 16 183.917909
51 16 514.949676
52 16 0
53 16 0
54 16 0
55 16 -595.746572
56 16 186.568176
57 16 732.266308
58 16 0
59 16 0
60 16 0
61 16 -8.45508703
62 16 -13.302659
63 16 705.596939
64 16 0
65 16 0
66 16 0
67 16 24.6241214
68 16 -20.0680403
69 16 508.295432
70 16 0
71 16 0
72 16 0
7 17 0
8 17 0
9 17 0
10 17 4.15973647
11 17 -19.5577982
12 17 -0.434881781
13 17 2413.43622
14 17 0
15 17 -11000.6578
16 17 86032.247
17 17 444935.239
18 17 19381.1343
19 17 -26.4217489
20 17 -1.07091263
21 17 -117.375258
22 17 -1.86520538
23 17 -19.9037496
24 17 0.601465476
25 17 -212.538891
26 17 -614.982464
27 17 1572.48833
28 17 0
29 17 0
30 17 0
31 17 -203.300496
32 17 -590.740362
33 17 986.202182
34 17 0
35 17 0
36 17 0
37 17 -5.51539545
38 17 -11.5178898
39 17 964.827311
40 17 0
41 17 0
42 17 0
43 17 -5.47142443
44 17 -8.38373938
45 17 1590.14862
46 17 0
47 17 0
48 17 0
49 17 -209.497276
50 17 -605.026206
51 17 1790.37255
52 17 0
53 17 0
54 17 0
55 17 -211.436699
56 17 -613.578511
57 17 1192.87934
58 17 0
59 17 0
60 17 0
61 17 -10.8093767
62 17 -26.0160817
63 17 1174.60608
64 17 0
65 17 0
66 17 0
67 17 -5.31606906
68 17 -6.96290159
69 17 1791.09993
70 17 0
71 17 0
72 17 0
7 18 0
8 18 0
9 18 0
10 18 1.30080011
11 18 0.720150245
12 18 -19.944656
13 18 2712.9583
14 18 11000.6578
15 18 3.55271368e-15
16 18 -82764.9923
17 18 19381.1343
18 18 449670.18
19 18 -195.75611
20 18 134.881839
21 18 -11.547227
22 18 0.716162852
23 18 -0.670758751
24 18 -19.9759153
25 18 1530.02348
26 18 -427.975132
27 18 4.40263815
28 18 0
29 18 0
30 18 0
31 18 912.229595
32 18 -421.646133
33 18 -0.712486682
34 18 0
35 18 0
36 18 0
37 18 876.444847
38 18 -419.198643
39 18 -0.967056426
40 18 0
41 18 0
42 18 0
43 18 1532.73616
44 18 -431.611114
45 18 4.3527644
46 18 0
47 18 0
48 18 0
49 18 1540.43966
50 18 -1071.03602
51 18 -8.40049361
52 18 0
53 18 0
54 18 0
55 18 905.086522
56 18 -1083.79115
57 18 -14.0471911
58 18 0
59 18 0
60 18 0
61 18 883.969367
62 18 -1047.38293
63 18 -13.4964913
64 18 0
65 18 0
66 18 0
67 18 1530.61169
68 18 -1059.61261
69 18 -8.25487784
70 18 0
71 18 0
72 18 0
13 19 -19.8999528
14 19 -1.86520538
15 19 0.716162852
16 19 -4.56841617
17 19 -26.4217489
18 19 -195.75611
19 19 340
20 19 8.32667268e-16
21 19 -7.88860905e-31
22 19 0
23 19 2367.07528
24 19 318.454204
25 19 -9.3366772
26 19 -38.8908372
27 19 0.573794045
28 19 0
29 19 0
30 19 0
31 19 -9.3366772
32 19 -38.8908372
33 19 0.573794045
34 19 0
35 19 0
36 19 0
37 19 -9.3366772
38 19 -38.8908372
39 19 0.573794045
40 19 0
41 19 0
42 19 0
43 19 -9.3366772
44 19 -38.8908372
45 19 0.573794045
46 19 0
47 19 0
48 19 0
49 19 -9.3366772
50 19 -38.8908372
51 19 0.573794045
52 19 0
53 19 0
54 19 0
55 19 -9.3366772
56 19 -38.8908372
57 19 0.573794045
58 19 0
59 19 0
60 19 0
61 19 -9.3366772
62 19 -38.8908372
63 19 0.573794045
64 19 0
65 19 0
66 19 0
67 19 -9.3366772
68 19 -38.8908372
69 19 0.573794045
70 19 0
71 19 0
72 19 0
13 20 1.84142188
14 20 -19.9037496
15 20 -0.670758751
16 20 37.5568455
17 20 -1.07091263
18 20 134.881839
19 20 8.32667268e-16
20 20 340
21 20 6.07153217e-17
22 20 -2367.07528
23 20 0
24 20 12921.7234
25 20 38.8733285
26 20 -9.35017026
27 20 -1.19943766
28 20 0
29 20 0
30 20 0
31 20 38.8733285
32 20 -9.35017026
33 20 -1.19943766
34 20 0
35 20 0
36 20 0
37 20 38.8733285
38 20 -9.35017026
39 20 -1.19943766
40 20 0
41 20 0
42 20 0
43 20 38.8733285
44 20 -9.35017026
45 20 -1.19943766
46 20 0
47 20 0
48 20 0
49 20 38.8733285
50 20 -9.35017026
51 20 -1.19943766
52 20 0
53 20 0
54 20 0
55 20 38.8733285
56 20 -9.35017026
57 20 -1.19943766
58 20 0
59 20 0
60 20 0
61 20 38.8733285
62 20 -9.35017026
63 20 -1.19943766
64 20 0
65 20 0
66 20 0
67 20 38.8733285
68 20 -9.35017026
69 20 -1.19943766
70 20 0
71 20 0
72 20 0
13 21 -0.775271445
14 21 0.601465476
15 21 -19.9759153
16 21 206.468668
17 21 -117.375258
18 21 -11.547227
19 21 -7.88860905e-31
20 21 6.07153217e-17
21 21 340
22 21 -318.454204
23 21 -12921.7234
24 21 0
25 21 -1.30030517
26 21 -0.277663052
27 21 -39.9778953
28 21 0
29 21 0
30 21 0
31 21 -1.30030517
32 21 -0.277663052
33 21 -39.9778953
34 21 0
35 21 0
36 21 0
37 21 -1.30030517
38 21 -0.277663052
39 21 -39.9778953
40 21 0
41 21 0
42 21 0
43 21 -1.30030517
44 21 -0.277663052
45 21 -39.9778953
46 21 0
47 21 0
48 21 0
49 21 -1.30030517
50 21 -0.277663052
51 21 -39.9778953
52 21 0
53 21 0
54 21 0
55 21 -1.30030517
56 21 -0.277663052
57 21 -39.9778953
58 21 0
59 21 0
60 21 0
61 21 -1.30030517
62 21 -0.277663052
63 21 -39.9778953
64 21 0
65 21 0
66 21 0
67 21 -1.30030517
68 21 -0.277663052
69 21 -39.9778953
70 21 0
71 21 0
72 21 0
13 22 0
14 22 0
15 22 0
16 22 -19.8999528
17 22 -1.86520538
18 22 0.716162852
19 22 0
20 22 -2367.07528
21 22 -318.454204
22 22 57913.7015
23 22 13057.6867
24 22 -95751.4558
25 22 -603.877681
26 22 140.034644
27 22 -334.870069
28 22 0
29 22 0
30 22 0
31 22 -570.105337
32 22 133.965401
33 22 -196.695818
34 22 0
35 22 0
36 22 0
37 22 25.3057078
38 22 -8.85689498
39 22 -188.536004
40 22 0
41 22 0
42 22 0
43 22 19.0882224
44 22 -9.44665605
45 22 -329.678904
46 22 0
47 22 0
48 22 0
49 22 -594.827326
50 22 147.053306
51 22 288.109367
52 22 0
53 22 0
54 22 0
55 22 -594.51516
56 22 149.349463
57 22 448.818723
58 22 0
59 22 0
60 22 0
61 22 9.30520489
62 22 3.9709735
63 22 420.558876
64 22 0
65 22 0
66 22 0
67 22 19.576186
68 22 -0.545738437
69 22 281.551031
70 22 0
71 22 0
72 22 0
13 23 0
14 23 0
15 23 0
16 23 1.84142188
17 23 -19.9037496
18 23 -0.670758751
19 23 2367.07528
20 23 0
21 23 -12921.7234
22 23 13057.6867
23 23 579523.517
24 23 2809.95762
25 23 -82.5657493
26 23 -579.906562
27 23 1844.71413
28 23 0
29 23 0
30 23 0
31 23 -95.0896692
32 23 -554.819021
33 23 1243.24958
34 23 0
35 23 0
36 23 0
37 23 47.2730911
38 23 39.9043636
39 23 1221.03036
40 23 0
41 23 0
42 23 0
43 23 67.728614
44 23 42.7298903
45 23 1861.95996
46 23 0
47 23 0
48 23 0
49 23 -80.0351656
50 23 -589.997937
51 23 2005.39633
52 23 0
53 23 0
54 23 0
55 23 -101.214088
56 23 -599.180877
57 23 1390.5806
58 23 0
59 23 0
60 23 0
61 23 43.6669163
62 23 5.17727935
63 23 1374.86923
64 23 0
65 23 0
66 23 0
67 23 67.7751982
68 23 24.3515037
69 23 2006.73775
70 23 0
71 23 0
72 23 0
13 24 0
14 24 0
15 24 0
16 24 -0.775271445
17 24 0.601465476
18 24 -19.9759153
19 24 318.454204
20 24 12921.7234
21 24 0
22 24 -95751.4558
23 24 2809.95762
24 24 563054.233
25 24 1867.71962
26 24 -85.8574191
27 24 -60.1523926
28 24 0
29 24 0
30 24 0
31 24 1250.81219
32 24 -80.5807785
33 24 -40.1237546
34 24 0
35 24 0
36 24 0
37 24 1231.55026
38 24 -103.220549
39 24 -39.340006
40 24 0
41 24 0
42 24 0
43 24 1887.72308
44 24 -115.764006
45 24 -60.5953036
46 24 0
47 24 0
48 24 0
49 24 1878.38786
50 24 -729.103155
51 24 -56.0317753
52 24 0
53 24 0
54 24 0
55 24 1242.99103
56 24 -741.482997
57 24 -35.2791267
58 24 0
59 24 0
60 24 0
61 24 1238.6313
62 24 -730.536258
63 24 -35.2133535
64 24 0
65 24 0
66 24 0
67 24 1885.61198
68 24 -743.586443
69 24 -56.1661517
70 24 0
71 24 0
72 24 0
1 25 -34.7271009
2 25 19.8091767
3 25 1.27474651
4 25 -298.863453
5 25 -584.499076
6 25 941.194325
7 25 -20.5043203
8 25 34.3440502
9 25 0.243036266
10 25 -562.407261
11 25 -344.540096
12 25 1239.00753
13 25 -12.9194861
14 25 37.8546132
15 25 0.339321028
16 25 -582.56252
17 25 -212.538891
18 25 1530.02348
19 25 -9.3366772
20 25 38.8733285
21 25 -1.30030517
22 25 -603.877681
23 25 -82.5657493
24 25 1867.71962
25 25 200
26 25 -5.54330887e-15
27 25 -4.4408921e-16
28 25 0
29 25 0
30 25 0
1 26 -19.8416031
2 26 -34.7158703
3 26 -1.05789304
4 26 536.048675
5 26 -281.800659
6 26 -806.423631
7 26 -34.3007747
8 26 -20.463113
9 26 -2.17206436
10 26 331.92402
11 26 -485.748383
12 26 -665.416272
13 26 -37.846174
14 26 -12.9237921
15 26 0.801694537
16 26 200.939735
17 26 -614.982464
18 26 -427.975132
19 26 -38.8908372
20 26 -9.35017026
21 26 -0.277663052
22 26 140.034644
23 26 -579.906562
24 26 -85.8574191
25 26 -5.54330887e-15
26 26 200
27 26 -2.22044605e-16
28 26 0
29 26 0
30 26 0
1 27 -0.582448607
2 27 1.55076432
3 27 -39.9656838
4 27 -441.933845
5 27 1157.80996
6 27 51.3664207
7 27 1.74060523
8 27 1.32182589
9 27 -39.9402437
10 27 -84.1819713
11 27 1432.09354
12 27 43.7265918
13 27 -0.868328775
14 27 0.062113031
15 27 -39.9905257
16 27 -90.2789359
17 27 1572.48833
18 27 4.40263815
19 27 0.573794045
20 27 -1.19943766
21 27 -39.9778953
22 27 -334.870069
23 27 1844.71413
24 27 -60.1523926
25 27 -4.4408921e-16
26 27 -2.22044605e-16
27 27 200
28 27 0
29 27 0
30 27 0
1 28 0
2 28 0
3 28 0
4 28 0
5 28 0
6 28 0
7 28 0
8 28 0
9 28 0
10 28 0
11 28 0
12 28 0
13 28 0
14 28 0
15 28 0
16 28 0
17 28 0
18 28 0
19 28 0
20 28 0
21 28 0
22 28 0
23 28 0
24 28 0
25 28 0
26 28 0
27 28 0
28 28 0
29 28 0
30 28 0
1 29 0
2 29 0
3 29 0
4 29 0
5 29 0
6 29 0
7 29 0
8 29 0
9 29 0
10 29 0
11 29 0
12 29 0
13 29 0
14 29 0
15 29 0
16 29 0
17 29 0
18 29 0
19 29 0
20 29 0
21 29 0
22 29 0
23 29 0
24 29 0
25 29 0
26 29 0
27 29 0
28 29 0
29 29 0
30 29 0
1 30 0
2 30 0
3 30 0
4 30 0
5 30 0
6 30 0
7 30 0
8 30 0
9 30 0
10 30 0
11 30 0
12 30 0
13 30 0
14 30 0
15 30 0
16 30 0
17 30 0
18 30 0
19 30 0
20 30 0
21 30 0
22 30 0
23 30 0
24 30 0
25 30 0
26 30 0
27 30 0
28 30 0
29 30 0
30 30 0
1 31 -34.7271009
2 31 19.8091767
3 31 1.27474651
4 31 -295.142391
5 31 -538.321245
6 31 324.975242
7 31 -20.5043203
8 31 34.3440502
9 31 0.243036266
10 31 -513.565041
11 31 -311.027124
12 31 623.894922
13 31 -12.9194861
14 31 37.8546132
15 31 0.339321028
16 31 -571.719563
17 31 -203.300496
18 31 912.229595
19 31 -9.3366772
20 31 38.8733285
21 31 -1.30030517
22 31 -570.105337
23 31 -95.0896692
24 31 1250.81219
31 31 200
32 31 -5.54330887e-15
33 31 -4.4408921e-16
34 31 0
35 31 0
36 31 0
1 32 -19.8416031
2 32 -34.7158703
3 32 -1.05789304
4 32 513.889738
5 32 -269.346889
6 32 -799.499148
7 32 -34.3007747
8 32 -20.463113
9 32 -2.17206436
10 32 318.521897
11 32 -463.947845
12 32 -659.156643
13 32 -37.846174
14 32 -12.9237921
15 32 0.801694537
16 32 192.795558
17 32 -590.740362
18 32 -421.646133
19 32 -38.8908372
20 32 -9.35017026
21 32 -0.277663052
22 32 133.965401
23 32 -554.819021
24 32 -80.5807785
31 32 -5.54330887e-15
32 32 200
33 32 -2.22044605e-16
34 32 0
35 32 0
36 32 0
1 33 -0.582448607
2 33 1.55076432
3 33 -39.9656838
4 33 91.0696562
5 33 846.736683
6 33 31.5281891
7 33 1.74060523
8 33 1.32182589
9 33 -39.9402437
10 33 227.073737
11 33 898.84305
12 33 39.6432169
13 33 -0.868328775
14 33 0.062113031
15 33 -39.9905257
16 33 103.357998
17 33 986.202182
18 33 -0.712486682
19 33 0.573794045
20 33 -1.19943766
21 33 -39.9778953
22 33 -196.695818
23 33 1243.24958
24 33 -40.1237546
31 33 -4.4408921e-16
32 33 -2.22044605e-16
33 33 200
34 33 0
35 33 0
36 33 0
1 34 0
2 34 0
3 34 0
4 34 0
5 34 0
6 34 0
7 34 0
8 34 0
9 34 0
10 34 0
11 34 0
12 34 0
13 34 0
14 34 0
15 34 0
16 34 0
17 34 0
18 34 0
19 34 0
20 34 0
21 34 0
22 34 0
23 34 0
24 34 0
31 34 0
32 34 0
33 34 0
34 34 0
35 34 0
36 34 0
1 35 0
2 35 0
3 35 0
4 35 0
5 35 0
6 35 0
7 35 0
8 35 0
9 35 0
10 35 0
11 35 0
12 35 0
13 35 0
14 35 0
15 35 0
16 35 0
17 35 0
18 35 0
19 35 0
20 35 0
21 35 0
22 35 0
23 35 0
24 35 0
31 35 0
32 35 0
33 35 0
34 35 0
35 35 0
36 35 0
1 36 0
2 36 0
3 36 0
4 36 0
5 36 0
6 36 0
7 36 0
8 36 0
9 36 0
10 36 0
11 36 0
12 36 0
13 36 0
14 36 0
15 36 0
16 36 0
17 36 0
18 36 0
19 36 0
20 36 0
21 36 0
22 36 0
23 36 0
24 36 0
31 36 0
32 36 0
33 36 0
34 36 0
35 36 0
36 36 0
1 37 -34.7271009
2 37 19.8091767
3 37 1.27474651
4 37 8.11394911
5 37 -6.21735217
6 37 317.658887
7 37 -20.5043203
8 37 34.3440502
9 37 0.243036266
10 37 12.2990654
11 37 2.85889657
12 37 633.641605
13 37 -12.9194861
14 37 37.8546132
15 37 0.339321028
16 37 6.85886459
17 37 -5.51539545
18 37 876.444847
19 37 -9.3366772
20 37 38.8733285
21 37 -1.30030517
22 37 25.3057078
23 37 47.2730911
24 37 1231.55026
37 37 200
38 37 -5.54330887e-15
39 37 -4.4408921e-16
40 37 0
41 37 0
42 37 0
1 38 -19.8416031
2 38 -34.7158703
3 38 -1.05789304
4 38 -17.5139852
5 38 33.8622492
6 38 -782.73689
7 38 -34.3007747
8 38 -20.463113
9 38 -2.17206436
10 38 4.90216251
11 38 61.6455136
12 38 -658.178967
13 38 -37.846174
14 38 -12.9237921
15 38 0.801694537
16 38 -4.94672063
17 38 -11.5178898
18 38 -419.198643
19 38 -38.8908372
20 38 -9.35017026
21 38 -0.277663052
22 38 -8.85689498
23 38 39.9043636
24 38 -103.220549
37 38 -5.54330887e-15
38 38 200
39 38 -2.22044605e-16
40 38 0
41 38 0
42 38 0
1 39 -0.582448607
2 39 1.55076432
3 39 -39.9656838
4 39 112.853928
5 39 837.469668
6 39 30.8511289
7 39 1.74060523
8 39 1.32182589
9 39 -39.9402437
10 39 241.486089
11 39 880.050112
12 39 39.6493567
13 39 -0.868328775
14 39 0.062113031
15 39 -39.9905257
16 39 113.553122
17 39 964.827311
18 39 -0.967056426
19 39 0.573794045
20 39 -1.19943766
21 39 -39.9778953
22 39 -188.536004
23 39 1221.03036
24 39 -39.340006
37 39 -4.4408921e-16
38 39 -2.22044605e-16
39 39 200
40 39 0
41 39 0
42 39 0
1 40 0
2 40 0
3 40 0
4 40 0
5 40 0
6 40 0
7 40 0
8 40 0
9 40 0
10 40 0
11 40 0
12 40 0
13 40 0
14 40 0
15 40 0
16 40 0
17 40 0
18 40 0
19 40 0
20 40 0
21 40 0
22 40 0
23 40 0
24 40 0
37 40 0
38 40 0
39 40 0
40 40 0
41 40 0
42 40 0
1 41 0
2 41 0
3 41 0
4 41 0
5 41 0
6 41 0
7 41 0
8 41 0
9 41 0
10 41 0
11 41 0
12 41 0
13 41 0
14 41 0
15 41 0
16 41 0
17 41 0
18 41 0
19 41 0
20 41 0
21 41 0
22 41 0
23 41 0
24 41 0
37 41 0
38 41 0
39 41 0
40 41 0
41 41 0
42 41 0
1 42 0
2 42 0
3 42 0
4 42 0
5 42 0
6 42 0
7 42 0
8 42 0
9 42 0
10 42 0
11 42 0
12 42 0
13 42 0
14 42 0
15 42 0
16 42 0
17 42 0
18 42 0
19 42 0
20 42 0
21 42 0
22 42 0
23 42 0
24 42 0
37 42 0
38 42 0
39 42 0
40 42 0
41 42 0
42 42 0
1 43 -34.7271009
2 43 19.8091767
3 43 1.27474651
4 43 19.3062189
5 43 -28.813207
6 43 973.695486
7 43 -20.5043203
8 43 34.3440502
9 43 0.243036266
10 43 -13.4467697
11 43 -17.1522068
12 43 1289.35234
13 43 -12.9194861
14 43 37.8546132
15 43 0.339321028
16 43 24.2247216
17 43 -5.47142443
18 43 1532.73616
19 43 -9.3366772
20 43 38.8733285
21 43 -1.30030517
22 43 19.0882224
23 43 67.728614
24 43 1887.72308
43 43 200
44 43 -5.54330887e-15
45 43 -4.4408921e-16
46 43 0
47 43 0
48 43 0
1 44 -19.8416031
2 44 -34.7158703
3 44 -1.05789304
4 44 -20.5526592
5 44 35.9746442
6 44 -795.064662
7 44 -34.3007747
8 44 -20.463113
9 44 -2.17206436
10 44 3.75645907
11 44 64.8826767
12 44 -670.583719
13 44 -37.846174
14 44 -12.9237921
15 44 0.801694537
16 44 -6.27991003
17 44 -8.38373938
18 44 -431.611114
19 44 -38.8908372
20 44 -9.35017026
21 44 -0.277663052
22 44 -9.44665605
23 44 42.7298903
24 44 -115.764006
43 44 -5.54330887e-15
44 44 200
45 44 -2.22044605e-16
46 44 0
47 44 0
48 44 0
1 45 -0.582448607
2 45 1.55076432
3 45 -39.9656838
4 45 -450.943313
5 45 1173.39364
6 45 52.1024062
7 45 1.74060523
8 45 1.32182589
9 45 -39.9402437
10 45 -84.3772122
11 45 1450.09854
12 45 44.3139604
13 45 -0.868328775
14 45 0.062113031
15 45 -39.9905257
16 45 -86.7187503
17 45 1590.14862
18 45 4.3527644
19 45 0.573794045
20 45 -1.19943766
21 45 -39.9778953
22 45 -329.678904
23 45 1861.95996
24 45 -60.5953036
43 45 -4.4408921e-16
44 45 -2.22044605e-16
45 45 200
46 45 0
47 45 0
48 45 0
1 46 0
2 46 0
3 46 0
4 46 0
5 46 0
6 46 0
7 46 0
8 46 0
9 46 0
10 46 0
11 46 0
12 46 0
13 46 0
14 46 0
15 46 0
16 46 0
17 46 0
18 46 0
19 46 0
20 46 0
21 46 0
22 46 0
23 46 0
24 46 0
43 46 0
44 46 0
45 46 0
46 46 0
47 46 0
48 46 0
1 47 0
2 47 0
3 47 0
4 47 0
5 47 0
6 47 0
7 47 0
8 47 0
9 47 0
10 47 0
11 47 0
12 47 0
13 47 0
14 47 0
15 47 0
16 47 0
17 47 0
18 47 0
19 47 0
20 47 0
21 47 0
22 47 0
23 47 0
24 47 0
43 47 0
44 47 0
45 47 0
46 47 0
47 47 0
48 47 0
1 48 0
2 48 0
3 48 0
4 48 0
5 48 0
6 48 0
7 48 0
8 48 0
9 48 0
10 48 0
11 48 0
12 48 0
13 48 0
14 48 0
15 48 0
16 48 0
17 48 0
18 48 0
19 48 0
20 48 0
21 48 0
22 48 0
23 48 0
24 48 0
43 48 0
44 48 0
45 48 0
46 48 0
47 48 0
48 48 0
1 49 -34.7271009
2 49 19.8091767
3 49 1.27474651
4 49 -294.013969
5 49 -576.695724
6 49 952.043946
7 49 -20.5043203
8 49 34.3440502
9 49 0.243036266
10 49 -554.752478
11 49 -340.04858
12 49 1250.11404
13 49 -12.9194861
14 49 37.8546132
15 49 0.339321028
16 49 -573.376892
17 49 -209.497276
18 49 1540.43966
19 49 -9.3366772
20 49 38.8733285
21 49 -1.30030517
22 49 -594.827326
23 49 -80.0351656
24 49 1878.38786
49 49 200
50 49 -5.54330887e-15
51 49 -4.4408921e-16
52 49 0
53 49 0
54 49 0
1 50 -19.8416031
2 50 -34.7158703
3 50 -1.05789304
4 50 518.464251
5 50 -252.173402
6 50 -1448.86366
7 50 -34.3007747
8 50 -20.463113
9 50 -2.17206436
10 50 355.065195
11 50 -456.363682
12 50 -1307.69129
13 50 -37.846174
14 50 -12.9237921
15 50 0.801694537
16 50 183.917909
17 50 -605.026206
18 50 -1071.03602
19 50 -38.8908372
20 50 -9.35017026
21 50 -0.277663052
22 50 147.053306
23 50 -589.997937
24 50 -729.103155
49 50 -5.54330887e-15
50 50 200
51 50 -2.22044605e-16
52 50 0
53 50 0
54 50 0
1 51 -0.582448607
2 51 1.55076432
3 51 -39.9656838
4 51 -132.044436
5 51 1721.37594
6 51 68.7178903
7 51 1.74060523
8 51 1.32182589
9 51 -39.9402437
10 51 462.016755
11 51 1770.29664
12 51 78.7229222
13 51 -0.868328775
14 51 0.062113031
15 51 -39.9905257
16 51 514.949676
17 51 1790.37255
18 51 -8.40049361
19 51 0.573794045
20 51 -1.19943766
21 51 -39.9778953
22 51 288.109367
23 51 2005.39633
24 51 -56.0317753
49 51 -4.4408921e-16
50 51 -2.22044605e-16
51 51 200
52 51 0
53 51 0
54 51 0
1 52 0
2 52 0
3 52 0
4 52 0
5 52 0
6 52 0
7 52 0
8 52 0
9 52 0
10 52 0
11 52 0
12 52 0
13 52 0
14 52 0
15 52 0
16 52 0
17 52 0
18 52 0
19 52 0
20 52 0
21 52 0
22 52 0
23 52 0
24 52 0
49 52 0
50 52 0
51 52 0
52 52 0
53 52 0
54 52 0
1 53 0
2 53 0
3 53 0
4 53 0
5 53 0
6 53 0
7 53 0
8 53 0
9 53 0
10 53 0
11 53 0
12 53 0
13 53 0
14 53 0
15 53 0
16 53 0
17 53 0
18 53 0
19 53 0
20 53 0
21 53 0
22 53 0
23 53 0
24 53 0
49 53 0
50 53 0
51 53 0
52 53 0
53 53 0
54 53 0
1 54 0
2 54 0
3 54 0
4 54 0
5 54 0
6 54 0
7 54 0
8 54 0
9 54 0
10 54 0
11 54 0
12 54 0
13 54 0
14 54 0
15 54 0
16 54 0
17 54 0
18 54 0
19 54 0
20 54 0
21 54 0
22 54 0
23 54 0
24 54 0
49 54 0
50 54 0
51 54 0
52 54 0
53 54 0
54 54 0
1 55 -34.7271009
2 55 19.8091767
3 55 1.27474651
4 55 -307.763355
5 55 -559.912017
6 55 316.664503
7 55 -20.5043203
8 55 34.3440502
9 55 0.243036266
10 55 -534.857798
11 55 -323.675724
12 55 614.886596
13 55 -12.9194861
14 55 37.8546132
15 55 0.339321028
16 55 -595.746572
17 55 -211.436699
18 55 905.086522
19 55 -9.3366772
20 55 38.8733285
21 55 -1.30030517
22 55 -594.51516
23 55 -101.214088
24 55 1242.99103
55 55 200
56 55 -5.54330887e-15
57 55 -4.4408921e-16
58 55 0
59 55 0
60 55 0
1 56 -19.8416031
2 56 -34.7158703
3 56 -1.05789304
4 56 526.143382
5 56 -256.167453
6 56 -1461.82274
7 56 -34.3007747
8 56 -20.463113
9 56 -2.17206436
10 56 360.260128
11 56 -463.721667
12 56 -1320.40868
13 56 -37.846174
14 56 -12.9237921
15 56 0.801694537
16 56 186.568176
17 56 -613.578511
18 56 -1083.79115
19 56 -38.8908372
20 56 -9.35017026
21 56 -0.277663052
22 56 149.349463
23 56 -599.180877
24 56 -741.482997
55 56 -5.54330887e-15
56 56 200
57 56 -2.22044605e-16
58 56 0
59 56 0
60 56 0
1 57 -0.582448607
2 57 1.55076432
3 57 -39.9656838
4 57 426.133637
5 57 1417.57196
6 57 48.794838
7 57 1.74060523
8 57 1.32182589
9 57 -39.9402437
10 57 798.748559
11 57 1230.98396
12 57 75.5491729
13 57 -0.868328775
14 57 0.062113031
15 57 -39.9905257
16 57 732.266308
17 57 1192.87934
18 57 -14.0471911
19 57 0.573794045
20 57 -1.19943766
21 57 -39.9778953
22 57 448.818723
23 57 1390.5806
24 57 -35.2791267
55 57 -4.4408921e-16
56 57 -2.22044605e-16
57 57 200
58 57 0
59 57 0
60 57 0
1 58 0
2 58 0
3 58 0
4 58 0
5 58 0
6 58 0
7 58 0
8 58 0
9 58 0
10 58 0
11 58 0
12 58 0
13 58 0
14 58 0
15 58 0
16 58 0
17 58 0
18 58 0
19 58 0
20 58 0
21 58 0
22 58 0
23 58 0
24 58 0
55 58 0
56 58 0
57 58 0
58 58 0
59 58 0
60 58 0
1 59 0
2 59 0
3 59 0
4 59 0
5 59 0
6 59 0
7 59 0
8 59 0
9 59 0
10 59 0
11 59 0
12 59 0
13 59 0
14 59 0
15 59 0
16 59 0
17 59 0
18 59 0
19 59 0
20 59 0
21 59 0
22 59 0
23 59 0
24 59 0
55 59 0
56 59 0
57 59 0
58 59 0
59 59 0
60 59 0
1 60 0
2 60 0
3 60 0
4 60 0
5 60 0
6 60 0
7 60 0
8 60 0
9 60 0
10 60 0
11 60 0
12 60 0
13 60 0
14 60 0
15 60 0
16 60 0
17 60 0
18 60 0
19 60 0
20 60 0
21 60 0
22 60 0
23 60 0
24 60 0
55 60 0
56 60 0
57 60 0
58 60 0
59 60 0
60 60 0
1 61 -34.7271009
2 61 19.8091767
3 61 1.27474651
4 61 0.108201065
5 61 -20.6870901
6 61 324.4188
7 61 -20.5043203
8 61 34.3440502
9 61 0.243036266
10 61 -2.03516003
11 61 -5.74360232
12 61 639.941504
13 61 -12.9194861
14 61 37.8546132
15 61 0.339321028
16 61 -8.45508703
17 61 -10.8093767
18 61 883.969367
19 61 -9.3366772
20 61 38.8733285
21 61 -1.30030517
22 61 9.30520489
23 61 43.6669163
24 61 1238.6313
61 61 200
62 61 -5.54330887e-15
63 61 -4.4408921e-16
64 61 0
65 61 0
66 61 0
1 62 -19.8416031
2 62 -34.7158703
3 62 -1.05789304
4 62 -12.4660103
5 62 50.1194725
6 62 -1410.91341
7 62 -34.3007747
8 62 -20.463113
9 62 -2.17206436
10 62 40.6195864
11 62 68.365933
12 62 -1285.53423
13 62 -37.846174
14 62 -12.9237921
15 62 0.801694537
16 62 -13.302659
17 62 -26.0160817
18 62 -1047.38293
19 62 -38.8908372
20 62 -9.35017026
21 62 -0.277663052
22 62 3.9709735
23 62 5.17727935
24 62 -730.536258
61 62 -5.54330887e-15
62 62 200
63 62 -2.22044605e-16
64 62 0
65 62 0
66 62 0
1 63 -0.582448607
2 63 1.55076432
3 63 -39.9656838
4 63 418.213925
5 63 1386.24245
6 63 47.6945977
7 63 1.74060523
8 63 1.32182589
9 63 -39.9402437
10 63 776.484919
11 63 1207.60108
12 63 73.8050599
13 63 -0.868328775
14 63 0.062113031
15 63 -39.9905257
16 63 705.596939
17 63 1174.60608
18 63 -13.4964913
19 63 0.573794045
20 63 -1.19943766
21 63 -39.9778953
22 63 420.558876
23 63 1374.86923
24 63 -35.2133535
61 63 -4.4408921e-16
62 63 -2.22044605e-16
63 63 200
64 63 0
65 63 0
66 63 0
1 64 0
2 64 0
3 64 0
4 64 0
5 64 0
6 64 0
7 64 0
8 64 0
9 64 0
10 64 0
11 64 0
12 64 0
13 64 0
14 64 0
15 64 0
16 64 0
17 64 0
18 64 0
19 64 0
20 64 0
21 64 0
22 64 0
23 64 0
24 64 0
61 64 0
62 64 0
63 64 0
64 64 0
65 64 0
66 64 0
1 65 0
2 65 0
3 65 0
4 65 0
5 65 0
6 65 0
7 65 0
8 65 0
9 65 0
10 65 0
11 65 0
12 65 0
13 65 0
14 65 0
15 65 0
16 65 0
17 65 0
18 65 0
19 65 0
20 65 0
21 65 0
22 65 0
23 65 0
24 65 0
61 65 0
62 65 0
63 65 0
64 65 0
65 65 0
66 65 0
1 66 0
2 66 0
3 66 0
4 66 0
5 66 0
6 66 0
7 66 0
8 66 0
9 66 0
10 66 0
11 66 0
12 66 0
13 66 0
14 66 0
15 66 0
16 66 0
17 66 0
18 66 0
19 66 0
20 66 0
21 66 0
22 66 0
23 66 0
24 66 0
61 66 0
62 66 0
63 66 0
64 66 0
65 66 0
66 66 0
1 67 -34.7271009
2 67 19.8091767
3 67 1.27474651
4 67 19.5088842
5 67 -28.3226985
6 67 971.594212
7 67 -20.5043203
8 67 34.3440502
9 67 0.243036266
10 67 -12.9511051
11 67 -16.8415143
12 67 1287.26552
13 67 -12.9194861
14 67 37.8546132
15 67 0.339321028
16 67 24.6241214
17 67 -5.31606906
18 67 1530.61169
19 67 -9.3366772
20 67 38.8733285
21 67 -1.30030517
22 67 19.576186
23 67 67.7751982
24 67 1885.61198
67 67 200
68 67 -5.54330887e-15
69 67 -4.4408921e-16
70 67 0
71 67 0
72 67 0
1 68 -19.8416031
2 68 -34.7158703
3 68 -1.05789304
4 68 -30.1079719
5 68 60.5607132
6 68 -1422.66503
7 68 -34.3007747
8 68 -20.463113
9 68 -2.17206436
10 68 30.849406
11 68 86.044557
12 68 -1297.79672
13 68 -37.846174
14 68 -12.9237921
15 68 0.801694537
16 68 -20.0680403
17 68 -6.96290159
18 68 -1059.61261
19 68 -38.8908372
20 68 -9.35017026
21 68 -0.277663052
22 68 -0.545738437
23 68 24.3515037
24 68 -743.586443
67 68 -5.54330887e-15
68 68 200
69 68 -2.22044605e-16
70 68 0
71 68 0
72 68 0
1 69 -0.582448607
2 69 1.55076432
3 69 -39.9656838
4 69 -137.516961
5 69 1717.51902
6 69 68.6479875
7 69 1.74060523
8 69 1.32182589
9 69 -39.9402437
10 69 455.361678
11 69 1769.63193
12 69 78.410894
13 69 -0.868328775
14 69 0.062113031
15 69 -39.9905257
16 69 508.295432
17 69 1791.09993
18 69 -8.25487784
19 69 0.573794045
20 69 -1.19943766
21 69 -39.9778953
22 69 281.551031
23 69 2006.73775
24 69 -56.1661517
67 69 -4.4408921e-16
68 69 -2.22044605e-16
69 69 200
70 69 0
71 69 0
72 69 0
1 70 0
2 70 0
3 70 0
4 70 0
5 70 0
6 70 0
7 70 0
8 70 0
9 70 0
10 70 0
11 70 0
12 70 0
13 70 0
14 70 0
15 70 0
16 70 0
17 70 0
18 70 0
19 70 0
20 70 0
21 70 0
22 70 0
23 70 0
24 70 0
67 70 0
68 70 0
69 70 0
70 70 0
71 70 0
72 70 0
1 71 0
2 71 0
3 71 0
4 71 0
5 71 0
6 71 0
7 71 0
8 71 0
9 71 0
10 71 0
11 71 0
12 71 0
13 71 0
14 71 0
15 71 0
16 71 0
17 71 0
18 71 0
19 71 0
20 71 0
21 71 0
22 71 0
23 71 0
24 71 0
67 71 0
68 71 0
69 71 0
70 71 0
71 71 0
72 71 0
1 72 0
2 72 0
3 72 0
4 72 0
5 72 0
6 72 0
7 72 0
8 72 0
9 72 0
10 72 0
11 72 0
12 72 0
13 72 0
14 72 0
15 72 0
16 72 0
17 72 0
18 72 0
19 72 0
20 72 0
21 72 0
22 72 0
23 72 0
24 72 0
67 72 0
68 72 0
69 72 0
70 72 0
71 72 0
72 72 0
